42604769568929
95239180320561
70893514003743
21467256791892
05576098278120
40883542306457
12695347134638
96917624795178
=======================
Score 8847
42604769568929
95239180320561
70893514003743
21467256791892
05576098278120
40883542306457
12695347134638
96917624795178

20 0.01 0 0
=======================
Score 8849
42604769568929
95239180320561
70893514013743
21467256791892
05576098278120
40883042306457
12695347134638
96917624795178

=======================
Score 8850
42604769568929
95239180320561
70893514013743
21467256791892
05576098278120
40883042306457
12695347134638
86917624795178

19 0.01 396101 10000
18 0.01 401941 20000
=======================
Score 8855
42604769568929
95239180320561
70893514013743
21467256791892
05576098278125
40883042306457
12695347134638
86917624795178

17 0.01 387263 30000
=======================
Score 8858
42604769568929
95239180320561
70893514013743
21467256791892
95576098278125
40883042306457
12695347134638
86917624795178

=======================
Score 8859
42604769568929
95239180320561
70893514013743
21467256791892
95576098278125
40883042306457
12695347134638
36917624795178

=======================
Score 8868
42604768568929
95239180320561
70893514013743
21467256791892
95576098278125
40883042306457
12695347134638
36917624795178

16 0.01 389866 40000
=======================
Score 8869
42604768568929
95239180320561
70893514013743
21467256791892
95576098278125
40883042306457
12695347134638
36917624795172

=======================
Score 8878
42604768568929
95239180320561
70893514013743
91467256791892
95576098278125
40883042306457
12695347134638
36917624795172

15 0.01 389900 50000
=======================
Score 8880
42604768568929
95239180320561
70893514013743
91467256791892
95576098278125
40883042306457
12695347134638
36917624795170

=======================
Score 8882
42604768568929
95239180320561
70893514013743
91467256791892
95576098278125
40883042306457
12695347134638
36917624795190

=======================
Score 8883
42604768568929
95239180320561
70893514013743
91467256791872
95576098278125
40883042306457
12695347134638
36917624795190

14 0.01 388741 60000
=======================
Score 8884
42604768568929
95239180320561
70893514013743
91467256791872
95576098268125
40883042306457
12695347134638
36917624795190

=======================
Score 8885
42604768568929
95239180320561
70893514013743
91467256791872
95576098298125
40883042306457
12695347134638
36917624795190

13 0.01 410407 70000
=======================
Score 8887
42604768568929
95239180320561
70893514013743
91467256741872
95576098298125
40883042306457
12695347134638
36917624795190

=======================
Score 8890
42604768568929
95239180320561
70893514013743
91467256741872
95576098298125
70883042306457
12695347134638
36917624795190

=======================
Score 8892
42644768568929
95239180320561
70893514013743
91467256741872
95576098298125
70883042306457
32695347134638
36917684795190

12 0.01 404511 80000
=======================
Score 8893
42644768568929
95239180320561
70893514013743
91467256741872
95576098298125
70883042306457
32695347134638
36917685795190


=======================
Score 8895
42644768568929
95239180320561
70893514013743
91467256741872
95576098298125
70883042306457
32695347134638
16917685795190

20 0.01 0 0
=======================
Score 8898
42644768568929
95239180320561
70893514013743
91467256741872
95576098298125
70883042306457
72695347134638
16917685795190

=======================
Score 8901
42644768568929
95239180320561
70893514013743
91467256741872
95576098298125
70883042306453
72695347134638
16917685795190