72804799524924
70239180320567
72891513013745
81467256751892
48576098228127
20813512006455
12692347134235
36977680097118
20 0.01 0
=======================
Score 8576
72804799524924
70239180320567
70891513013745
81467256751892
48576098228127
20813512006455
12692347134235
36977680097118

=======================
Score 8580
72804799524924
70239180320567
70891513013745
81467256751892
48576098228127
20813512006455
12692347134235
46977680997118

=======================
Score 8583
72804799524924
70239180320567
70891513013745
81467256751892
48576098228127
20813512006455
12692347134235
46977685797178

=======================
Score 8593
72804799524923
70239180320567
30891513013745
81467256751892
45576098228127
20813512006455
12692347134233
46977685797178

=======================
Score 8603
72304799524923
70239180320567
30891513013745
81467256751892
45576098228127
20813512006455
12692347134233
46977685797178

=======================
Score 8611
72904799524923
70239180320567
30891513013745
81467256751892
45576098228127
20883512006455
12692347134233
46977625797178

=======================
Score 8646
72904799524923
90239180320567
30891513013745
81467256751892
45576098228127
20883542006455
12692347134633
46977625797178

=======================
Score 8649
72904799524923
95239180320560
30891513013745
81467256751892
45576098228127
20883542006455
12692347134633
46977625797178

=======================
Score 8674
72604799524923
95239180320560
30891513013745
81467256751892
45576098228127
20883542006455
12692347134633
46977625797178

=======================
Score 8691
72604799524923
95239180320561
30891513013745
81467256751892
45576098228127
20883542006455
12692347134633
46977625797178

=======================
Score 8708
72604799524923
95239180320561
30891513013745
81467256791892
45576098228127
20883542006455
12692347134633
46977625797178

=======================
Score 8709
72604799524923
95239180320561
30891513013745
81467256791892
45576098228127
40883542006455
12692347134633
46977625797178

=======================
Score 8719
72604799524923
95239180320561
30891513013743
81467256791892
45576098228127
40883542006455
12692347134637
46977625797178

=======================
Score 8736
72604799524923
95239180320561
30891513013743
81467256791892
45576098228127
40883542006455
12692347134637
46977625795178

=======================
Score 8737
42604799524923
95239180320561
30891513013743
81467256791892
45576098228127
40883542006455
12692347134637
46977625795178

=======================
Score 8742
42604799524923
95239180320561
30891513013743
81467256791892
85576098228127
40883542006455
12692347134637
46977625795178

=======================
Score 8744
42604799524923
95239180320561
30891513013743
21467256791892
85576098228127
40883542006455
12692347134637
46977625795178

=======================
Score 8747
42604799524923
95239180320561
30891513013744
21467256791892
05576098228127
40883542006455
12692347134637
46977625795178

=======================
Score 8749
42604799524923
95239180320561
30891513013744
21467256791892
05576098228127
40883542006455
12692347134637
46917626795178

=======================
Score 8756
42604799524923
95239180320561
30891513013744
21467256791892
05576098268127
40883542006455
12692347134637
46917626795178

=======================
Score 8769
42604799524923
95239180320561
30891513013744
21467256791892
05576098208127
40883542006455
12692347134637
46917625795178

19 0.01 10000
=======================
Score 8780
42604799524923
95239180320561
30891513013743
21467256791892
05576098208127
40883542006455
12692347134637
46917625795178

18 0.01 20000
=======================
Score 8783
42604799524927
95239180320561
70891513013743
21467256791892
05576098208127
40883542006455
12692347134637
46917625795178

=======================
Score 8787
42604799524927
95239180320561
70891513013743
21467256791892
05576098278127
40883542006455
12692347134637
46917625795178

=======================
Score 8788
42604799524927
95239180320561
70891513013743
21467256791892
05576098278127
40883542306455
12692347134637
46917625795178

=======================
Score 8790
42604799524927
95239180320561
70891513013743
21467256791892
05576098278127
40883542306457
12695347134637
46917625795178

=======================
Score 8805
42604799524927
95239180320561
70893513013743
21467256791892
05576098278127
40883542306457
12695347134637
46917625795178

=======================
Score 8810
42604799564927
95239180320561
70893513013743
21467256791892
05576098278127
40883542306457
12695347134637
46917625795178

=======================
Score 8812
42604799564927
95239180320561
70893513003743
21467256791892
05576098278127
40883542306457
12695347134637
46917625795178

17 0.01 30000
=======================
Score 8813
42604799564922
95239180320561
70893513003743
21467256791892
05576098278123
40883542306457
12695347134637
46917625795178

=======================
Score 8824
42604799564929
95239180320561
70893513003743
21467256791892
05576098278123
40883542306457
12695347134637
46917625795178

=======================
Score 8825
42604799564929
95239180320561
70893513003743
21467256791892
05576098278120
40883542306457
12695347134637
86917625795178

=======================
Score 8826
42604769564929
95239180320561
70893513003743
21467256791892
05576098278120
40883542306457
12695347134637
86917625795178

=======================
Score 8834
42604769564929
95239180320561
70893514003743
21467256791892
05576098278120
40883542306457
12695347134637
86917625795178

16 0.01 40000
=======================
Score 8838
42604769568929
95239180320561
70893514003743
21467256791892
05576098278120
40883542306457
12695347134637
96917625795178

=======================
Score 8842
42604769568929
95239180320561
70893514003743
21467256791892
05576098278120
40883542306457
12695347134637
96917624795178

=======================
Score 8847
42604769568929
95239180320561
70893514003743
21467256791892
05576098278120
40883542306457
12695347134638
96917624795178
