42644768538027
95239180920561
70893514013743
91467256741872
95576098298125
70883042306453
72695347134638
16917695795190
=======================
Score 8069
42644768538027
95239180920561
70893514013743
91467256741872
95576098298125
70883042306453
72695347134638
16917695795190

20 0.01 0 0
=======================
Score 8070
42644768538028
95239180920561
70893514013743
91467256741872
95576098298125
70883042306453
72695347134638
16917695795190

=======================
Score 8071
12644768538028
95239180920561
70893514013743
91467256741872
95576098298125
70883042306453
72695347134638
16917695795190

=======================
Score 8075
12644768538028
95239180920561
70893514013743
91467256741872
95576098298125
70883042306453
72690347134638
16917695795190

=======================
Score 8083
12644768538028
95239180920561
70893514013743
91467256741872
95576098298125
70883042306453
72690347134638
16917695695190

